#time,s ray1,V ray2,V
#
0.000000000000000000e+00 -9.009752593000001312e-04 -1.043197736500000141e-03
7.999999999999971051e-07 -9.493091145999999142e-04 -1.574591192499999849e-03
1.599999999999994210e-06 -7.778062421000002304e-04 -8.764319875000000639e-04
2.399999999999991421e-06 -3.161073653000000348e-04 -1.167326444999999791e-04
3.200000000000002820e-06 -5.007626675999999949e-04 -8.587801674999999413e-04
3.999999999999999819e-06 -1.191109276499999854e-03 -1.284703577500000398e-03
4.799999999999997242e-06 -1.318652570199999648e-03 -1.192508531499999937e-03
5.599999999999993817e-06 -1.019681123199999827e-03 -1.434014815999999724e-03
6.399999999999991240e-06 -4.216585100000000701e-04 -3.713426904999999343e-04
7.200000000000002215e-06 -2.545516417999999685e-04 3.270027600000003081e-05
7.999999999999986085e-06 -8.393432506999998124e-04 -1.214358134000000132e-03
8.799999999999997061e-06 -1.331769276499999771e-03 -1.078328929000000550e-03
9.599999999999994483e-06 -1.046013974199999901e-03 -7.315280879999999262e-04
1.039999999999999021e-05 -6.063468037000000095e-04 -8.983572929999999318e-04
1.120000000000000288e-05 -4.788222249000000487e-04 -3.625580879999999403e-04
1.200000000000000030e-05 -4.656790931000000244e-04 -5.382222469999998647e-04
1.279999999999999603e-05 -9.009614040000000481e-04 -1.376961895499999571e-03
1.359999999999999346e-05 -1.195495982799999997e-03 -1.227660213500000224e-03
1.439999999999999088e-05 -7.470262421000000135e-04 -6.919297240000000159e-04
1.519999999999998830e-05 -3.953330887999999504e-04 -5.997463600000000391e-04
1.599999999999999928e-05 -5.316278079999999266e-04 -2.396714059999999257e-04
1.679999999999999500e-05 -8.041923867999999217e-04 -6.084640210000000996e-04
1.759999999999999412e-05 -1.090012267899999939e-03 -1.622826589999999984e-03
1.840000000000000340e-05 -1.169198995700000080e-03 -9.510503055000001310e-04
1.919999999999998897e-05 -7.778429698999998840e-04 -4.241640209999999567e-04
1.999999999999999825e-05 -3.336937908000001682e-04 -5.866385314999999394e-04
2.079999999999999736e-05 -4.919732292000000579e-04 -3.363159164999999780e-04
2.159999999999999309e-05 -8.613491146000001398e-04 -9.641385315000000622e-04
2.240000000000000576e-05 -1.089956404000000118e-03 -1.627128623500000149e-03
2.319999999999998794e-05 -8.964748165999998283e-04 -1.012419815999999854e-03
2.400000000000000061e-05 -3.072993523999999958e-04 -2.264593725000000105e-04
2.479999999999999634e-05 -3.776987907999999612e-04 -7.270365439999999096e-04
2.559999999999999207e-05 -8.394192550000000594e-04 -8.587019414999999415e-04
2.639999999999999118e-05 -8.745755400999999287e-04 -9.904185314999998987e-04
2.720000000000000046e-05 -8.877356804999998394e-04 -1.666677385000000068e-03
2.799999999999998603e-05 -6.546665228999999208e-04 -5.513465439999996453e-04
2.879999999999999531e-05 -2.677675057000000768e-04 -8.147977000000001017e-05
2.960000000000000798e-05 -3.953157993999998959e-04 -9.729140209999998781e-04
3.039999999999999015e-05 -8.130566848000000610e-04 -1.060770748999999985e-03
3.119999999999999944e-05 -8.790411232000000085e-04 -1.183673669499999814e-03
3.199999999999998500e-05 -6.767968252000000368e-04 -1.385672828500000061e-03
3.279999999999999767e-05 -4.920729483999998922e-04 -5.381936694999999967e-04
3.359999999999999001e-05 -2.853689312000000670e-04 -1.605815900000000002e-04
3.439999999999998913e-05 -4.876319441000000893e-04 -1.253941100499999985e-03
3.520000000000000180e-05 -9.493128294999998371e-04 -1.073865167499999784e-03
3.600000000000000091e-05 -1.094388693399999703e-03 -7.972839749999999833e-04
3.679999999999999325e-05 -7.162366632999999727e-04 -1.012472782500000064e-03
3.759999999999999237e-05 -3.073010587000001600e-04 -1.956806570000000549e-04
3.839999999999999149e-05 -2.061710586999999950e-04 -3.449623850000000150e-04
3.919999999999998383e-05 -5.008316632999999709e-04 -1.174958623499999712e-03
3.999999999999999650e-05 -6.943208209000002176e-04 -9.817760084999999255e-04
4.079999999999999561e-05 -1.798500974000001010e-04 -4.020954730000000530e-04
4.159999999999999473e-05 1.367431963000000062e-04 -4.240217114999999333e-04
4.240000000000000062e-05 4.752794813999999422e-04 1.906958000000085784e-06
4.319999999999998619e-05 2.264683596000000194e-03 -4.986773850000000841e-04
4.399999999999999886e-05 1.111049114470000036e-02 -1.548138715500000078e-03
4.479999999999999797e-05 2.634879000000000041e-02 5.726434100000000549e-04
4.559999999999999031e-05 3.521649500000000044e-02 6.548587125499999093e-03
4.640000000000000298e-05 3.609139500000000528e-02 1.541366000000000090e-02
4.719999999999998855e-05 3.576602999999999033e-02 2.648297999999999625e-02
4.799999999999998089e-05 3.547582999999999986e-02 3.443042000000000324e-02
4.880000000000000711e-05 3.490429499999999491e-02 3.629654499999999950e-02
4.959999999999999267e-05 3.515933999999999726e-02 3.745140500000000705e-02
5.039999999999999179e-05 3.595951499999999745e-02 3.788168500000000521e-02
5.119999999999998413e-05 3.608260499999999676e-02 3.735909999999999925e-02
5.199999999999999680e-05 3.588482499999998826e-02 3.765774499999999247e-02
5.279999999999999592e-05 3.511977499999999891e-02 3.659082999999999780e-02
5.359999999999999503e-05 3.483829500000000523e-02 3.643715999999999622e-02
5.440000000000000093e-05 3.581879000000000313e-02 3.802227000000001078e-02
5.519999999999998649e-05 3.639917499999999195e-02 3.784222999999999754e-02
5.599999999999999916e-05 3.591991499999998977e-02 3.720115000000000227e-02
5.679999999999997795e-05 3.533957999999999544e-02 3.729768499999999709e-02
5.759999999999999062e-05 3.504501000000000144e-02 3.690684000000000325e-02
5.840000000000000329e-05 3.536597500000000782e-02 3.702540500000000429e-02
5.919999999999998885e-05 3.603429499999999397e-02 3.787729999999998876e-02
5.999999999999999474e-05 3.607389500000000165e-02 3.726254500000000802e-02
6.080000000000000741e-05 3.558585499999999957e-02 3.683221999999999885e-02
6.159999999999999298e-05 3.512415500000000412e-02 3.729326500000000599e-02
6.239999999999997177e-05 3.532636000000000109e-02 3.685850499999999974e-02
6.320000000000001832e-05 3.586712999999998319e-02 3.728884500000000102e-02
6.399999999999999710e-05 3.608697999999999073e-02 3.772798000000000818e-02
6.479999999999997589e-05 3.588039500000000243e-02 3.689808000000000671e-02
6.560000000000002244e-05 3.520332000000000322e-02 3.682780500000000512e-02
6.640000000000000123e-05 3.532198499999999325e-02 3.756111500000000603e-02
6.719999999999998002e-05 3.572646999999999629e-02 3.695516000000000079e-02
6.799999999999999946e-05 3.557260999999999757e-02 3.685413499999999620e-02
6.880000000000000536e-05 3.578801499999999247e-02 3.782456999999999486e-02
6.959999999999999770e-05 3.557259000000000115e-02 3.688927500000001303e-02
7.039999999999997649e-05 3.493947499999999762e-02 3.640624999999999417e-02
7.120000000000000948e-05 3.530434999999999823e-02 3.712205000000000366e-02
7.200000000000000182e-05 3.594623999999999736e-02 3.701670500000000391e-02
7.279999999999998061e-05 3.559447500000000042e-02 3.688939000000000801e-02
7.359999999999998651e-05 3.540106999999999282e-02 3.720992499999999786e-02
7.440000000000000595e-05 3.543632000000000032e-02 3.648973000000001188e-02
7.519999999999998474e-05 3.515491999999999922e-02 3.620867500000000266e-02
7.599999999999999063e-05 3.559459999999999708e-02 3.739865500000000287e-02
7.680000000000001008e-05 3.595077499999999732e-02 3.714839000000001029e-02
7.759999999999998887e-05 3.535719500000000792e-02 3.676201999999999942e-02
7.840000000000000831e-05 3.500543999999999878e-02 3.716594500000001272e-02
7.919999999999998710e-05 3.540120500000001197e-02 3.669161500000000381e-02
7.999999999999999299e-05 3.559904999999999320e-02 3.639302500000000939e-02
8.080000000000001244e-05 3.575290500000000843e-02 3.722299500000000178e-02
8.159999999999999123e-05 3.568254499999999607e-02 3.696836000000000566e-02
8.239999999999999712e-05 3.503614000000000034e-02 3.607253500000000279e-02
8.320000000000001656e-05 3.518128499999999270e-02 3.689361500000000460e-02
8.399999999999999535e-05 3.572660500000000156e-02 3.692443500000000545e-02
8.479999999999997414e-05 3.568697500000000272e-02 3.641518000000000532e-02
8.559999999999999359e-05 3.566928499999999502e-02 3.725820999999999994e-02
8.639999999999999948e-05 3.564734500000000389e-02 3.741625000000000506e-02
8.719999999999997827e-05 3.520333500000000226e-02 3.628333000000000252e-02
8.799999999999997061e-05 3.520333499999998839e-02 3.656874499999999972e-02
8.880000000000000360e-05 3.594191500000000483e-02 3.728017999999999610e-02
8.959999999999999595e-05 3.600777500000000575e-02 3.683229500000000101e-02
9.039999999999997473e-05 3.511087999999999709e-02 3.680586500000000705e-02
9.120000000000000773e-05 3.502737999999999685e-02 3.663459500000000590e-02
9.200000000000000007e-05 3.533954999999999735e-02 3.617349000000000953e-02
9.279999999999997886e-05 3.540990500000000540e-02 3.677063499999999596e-02
9.359999999999998475e-05 3.585835500000000148e-02 3.741182499999999578e-02
9.440000000000000420e-05 3.553745000000000515e-02 3.670493500000000103e-02
9.519999999999998299e-05 3.485157500000000269e-02 3.677086000000000243e-02
9.600000000000000243e-05 3.522090000000001331e-02 3.679716499999999973e-02
9.680000000000000833e-05 3.553300499999999945e-02 3.609005000000001240e-02
9.759999999999998711e-05 3.527357999999999882e-02 3.663020500000000595e-02
9.840000000000000656e-05 3.550224000000000435e-02 3.719228500000000548e-02
9.919999999999998535e-05 3.536152499999999782e-02 3.628324000000000826e-02
9.999999999999999124e-05 3.501418500000000322e-02 3.602856000000001502e-02
1.008000000000000107e-04 3.540991500000000014e-02 3.675748000000000210e-02
1.015999999999999895e-04 3.567374500000000670e-02 3.640619999999999273e-02
1.023999999999999954e-04 3.572210500000000399e-02 3.690685500000000230e-02
1.031999999999999877e-04 3.578805000000000180e-02 3.728020499999999682e-02
1.039999999999999936e-04 3.542753000000000568e-02 3.642389500000000474e-02
1.047999999999999724e-04 3.482080999999999371e-02 3.620424000000001252e-02
1.055999999999999918e-04 3.526485999999998816e-02 3.678827499999999529e-02
1.063999999999999977e-04 3.598592999999999931e-02 3.706939500000000498e-02
1.071999999999999901e-04 3.632446499999998635e-02 3.723628000000001048e-02
1.079999999999999960e-04 3.605625999999999276e-02 3.699467499999999770e-02
1.088000000000000019e-04 3.522528500000000895e-02 3.600667999999999924e-02
1.095999999999999942e-04 3.496146500000000407e-02 3.642828999999999512e-02
1.103999999999999730e-04 3.533075499999999841e-02 3.728458500000000203e-02
1.112000000000000060e-04 3.566482999999999459e-02 3.746900499999999273e-02
1.119999999999999983e-04 3.531303000000000220e-02 3.803974999999999718e-02
1.127999999999999771e-04 3.514161499999999411e-02 3.765331999999999707e-02
1.136000000000000237e-04 3.493945999999999857e-02 3.610773500000000885e-02
1.144000000000000024e-04 3.504939000000001359e-02 3.674879000000001034e-02
1.151999999999999812e-04 3.574843000000000465e-02 3.774994000000000266e-02
1.160000000000000007e-04 3.586269499999999305e-02 3.681472000000000910e-02
1.168000000000000066e-04 3.522083499999999895e-02 3.652052999999999550e-02
1.175999999999999854e-04 3.489558999999999717e-02 3.661265500000000089e-02
1.184000000000000048e-04 3.494397000000000475e-02 3.605047500000000543e-02
1.192000000000000107e-04 3.538360000000000116e-02 3.668278500000000941e-02
1.199999999999999895e-04 3.626732500000000303e-02 3.778935500000000364e-02
1.207999999999999818e-04 3.591562000000000227e-02 3.677504500000000620e-02
1.215999999999999877e-04 3.491312000000000582e-02 3.599353000000000968e-02
1.223999999999999936e-04 3.475475500000001217e-02 3.630535000000000012e-02
1.231999999999999860e-04 3.510645500000000169e-02 3.623948000000000447e-02
1.240000000000000054e-04 3.536147000000000595e-02 3.702544000000000668e-02
1.247999999999999977e-04 3.573087499999999528e-02 3.756990500000000066e-02
1.255999999999999901e-04 3.559459999999999014e-02 3.620870499999999381e-02
1.264000000000000095e-04 3.487788500000000430e-02 3.578281500000000254e-02
1.271999999999999748e-04 3.503616000000000369e-02 3.672692000000000317e-02
1.279999999999999942e-04 3.557700499999999488e-02 3.688498999999999944e-02
1.288000000000000137e-04 3.572652999999999940e-02 3.729771500000000212e-02
1.295999999999999789e-04 3.584951999999999583e-02 3.725815500000000113e-02
1.303999999999999712e-04 3.522951999999999334e-02 3.610772500000000024e-02
1.312000000000000178e-04 3.442496500000000875e-02 3.593646499999999383e-02
1.319999999999999830e-04 3.508888500000000715e-02 3.710439999999999572e-02
1.327999999999999754e-04 3.591111000000000303e-02 3.695506999999999265e-02
1.336000000000000219e-04 3.570883500000000127e-02 3.655553500000000011e-02
1.343999999999999871e-04 3.529996000000000522e-02 3.699910000000000004e-02
1.351999999999999795e-04 3.471529500000000018e-02 3.618229500000000320e-02
1.359999999999999718e-04 3.445584999999999620e-02 3.588370500000000185e-02
1.368000000000000184e-04 3.556818999999999259e-02 3.727129999999999332e-02
1.375999999999999836e-04 3.650476500000000152e-02 3.759615000000000179e-02
1.383999999999999759e-04 3.559463500000000641e-02 3.661254000000000591e-02
1.392000000000000225e-04 3.462731999999999616e-02 3.670919000000000959e-02
1.399999999999999877e-04 3.476810000000001011e-02 3.619550499999999588e-02
1.407999999999999801e-04 3.511545500000000375e-02 3.614281000000000438e-02
1.415999999999999995e-04 3.586274000000000406e-02 3.779381499999999450e-02
1.423999999999999919e-04 3.631121500000000085e-02 3.734151499999999874e-02
1.431999999999999842e-04 3.522973999999999550e-02 3.601976999999999957e-02
1.440000000000000036e-04 3.450869499999999895e-02 3.621742500000000448e-02
1.447999999999999960e-04 3.496588999999999947e-02 3.627015500000001225e-02
1.455999999999999883e-04 3.537915000000001198e-02 3.668720499999998663e-02
1.464000000000000078e-04 3.595510999999999846e-02 3.803966000000000292e-02
1.471999999999999730e-04 3.563857499999999873e-02 3.716154999999999459e-02
1.479999999999999925e-04 3.441194499999999934e-02 3.604626000000001051e-02
1.488000000000000119e-04 3.439427999999999930e-02 3.676641500000000368e-02
1.495999999999999771e-04 3.522084999999999799e-02 3.687179999999999624e-02
1.503999999999999966e-04 3.572209500000000232e-02 3.719676000000001620e-02
1.511999999999999889e-04 3.576600000000000612e-02 3.741187000000000679e-02
1.519999999999999813e-04 3.513288999999999995e-02 3.629645500000001218e-02
1.527999999999999736e-04 3.412609500000000906e-02 3.569489499999999732e-02
1.535999999999999930e-04 3.451300999999999675e-02 3.662576000000000026e-02
1.543999999999999854e-04 3.574848499999998958e-02 3.695948000000000983e-02
1.551999999999999777e-04 3.579683499999999907e-02 3.698598000000000857e-02
1.559999999999999972e-04 3.532193999999999612e-02 3.749097000000000540e-02
1.568000000000000166e-04 3.487788499999999736e-02 3.639752000000000265e-02
1.575999999999999819e-04 3.455697500000000366e-02 3.587058499999999650e-02
1.583999999999999742e-04 3.502735499999999613e-02 3.688052500000001122e-02
1.592000000000000207e-04 3.555046499999999637e-02 3.723618999999999540e-02
1.599999999999999860e-04 3.549777000000000488e-02 3.720549500000000509e-02
1.607999999999999783e-04 3.549350500000000852e-02 3.708258000000000387e-02
1.616000000000000249e-04 3.489999500000000310e-02 3.604629499999999903e-02
1.623999999999999901e-04 3.451301500000000105e-02 3.627902499999999253e-02
1.631999999999999825e-04 3.556812499999999211e-02 3.778949499999999934e-02
1.640000000000000019e-04 3.588030499999999429e-02 3.722300500000000345e-02
1.647999999999999942e-04 3.537035999999999653e-02 3.709565000000000778e-02
1.655999999999999866e-04 3.508017500000000510e-02 3.699907000000000196e-02
1.664000000000000060e-04 3.461411000000001736e-02 3.589690500000000672e-02
1.671999999999999984e-04 3.495264499999999747e-02 3.709129500000001023e-02
1.679999999999999907e-04 3.591112499999999513e-02 3.790805499999998912e-02
1.687999999999999830e-04 3.580565000000000137e-02 3.690254500000000187e-02
1.695999999999999754e-04 3.486913500000000249e-02 3.674012000000000805e-02
1.703999999999999677e-04 3.471088499999999688e-02 3.682787000000000560e-02
1.711999999999999872e-04 3.500104000000000409e-02 3.634924000000001182e-02
1.720000000000000337e-04 3.538342999999999350e-02 3.701666500000001109e-02
1.727999999999999719e-04 3.599457500000000088e-02 3.782454500000000108e-02
1.735999999999999913e-04 3.555493499999999585e-02 3.691127000000000991e-02
1.744000000000000378e-04 3.490429500000000185e-02 3.659961500000000201e-02
1.751999999999999760e-04 3.513732500000001091e-02 3.667427000000000881e-02
1.759999999999999954e-04 3.527364000000000194e-02 3.623950500000000519e-02
1.767999999999999878e-04 3.525611000000000717e-02 3.702104999999999979e-02
1.775999999999999801e-04 3.577926000000000717e-02 3.781137000000000387e-02
1.783999999999999996e-04 3.546268500000000073e-02 3.669604999999999395e-02
1.791999999999999919e-04 3.445586000000000482e-02 3.619551000000000018e-02
1.799999999999999842e-04 3.493508499999999073e-02 3.709563500000000180e-02
1.808000000000000037e-04 3.566938500000001178e-02 3.687170500000000462e-02
1.815999999999999960e-04 3.576616500000000254e-02 3.708254500000000842e-02
1.823999999999999884e-04 3.567378999999999689e-02 3.719229000000000285e-02
1.832000000000000078e-04 3.504933999999999827e-02 3.603301500000000157e-02
1.839999999999999730e-04 3.454367500000000979e-02 3.625694499999999876e-02
1.847999999999999654e-04 3.519886500000000279e-02 3.732835999999999793e-02
1.856000000000000390e-04 3.565171500000000049e-02 3.705173999999999968e-02
1.864000000000000043e-04 3.526483000000000395e-02 3.673559000000000546e-02
1.871999999999999966e-04 3.504509500000001221e-02 3.703417000000000514e-02
1.879999999999999618e-04 3.483404999999999141e-02 3.630964999999999887e-02
1.887999999999999813e-04 3.475045000000000217e-02 3.651165499999999703e-02
1.895999999999999736e-04 3.532198500000000019e-02 3.733722000000000429e-02
1.903999999999999931e-04 3.573962499999999709e-02 3.695525500000001323e-02
1.912000000000000125e-04 3.520759000000000388e-02 3.674885000000001345e-02
1.920000000000000320e-04 3.501424500000001327e-02 3.702105500000001104e-02
1.927999999999999701e-04 3.526489000000000706e-02 3.628768000000000965e-02
1.935999999999999895e-04 3.526485500000000467e-02 3.635350999999999166e-02
1.944000000000000090e-04 3.566498499999999627e-02 3.777181500000000025e-02
1.951999999999999471e-04 3.581445999999999935e-02 3.722298500000000010e-02
1.960000000000000208e-04 3.503184500000000590e-02 3.655996000000000939e-02
1.968000000000000402e-04 3.473727999999999538e-02 3.683223000000000746e-02
1.975999999999999784e-04 3.516821499999999573e-02 3.685421000000001224e-02
1.983999999999999978e-04 3.538806000000000590e-02 3.705184000000000255e-02
1.991999999999999630e-04 3.574412500000000159e-02 3.740755500000000205e-02
